-- 

repeat
    wait(1)
until game:IsLoaded()
local function Function(Param, Param2)
    game.StarterGui:SetCore("SendNotification", {
        Title = "Lunar X Hub",
        Text = Param,
        Duration = Param2,
        Icon = "rbxassetid://16691911155"
    })
end
wait(0.1)
Function("Thanks for runing script Lunar X Hub !", 5)
wait(0.1)
Function("discord.gg / 6DxKCH6gE7", 5)
wait(0.5)
local Result = require(game:GetService("ReplicatedStorage").Notification)
Result.new("<Color = Cyan>Lunar X HubScript<Color=/>"):Display()
wait(0.5)
Result.new("<Color = Yellow>Create By Newbie Code Blox Shit<Color=/>"):Display()
wait(1)
repeat
    wait()
until game.Players.LocalPlayer
local Window = loadstring(game:HttpGet("https://raw.githubusercontent.com / NguyenLam2504/anhyeuem / main/AnCutGui.lua"))():Window("Free Version | Blox Fruit")
local Tab = Window:Tab("Home", "rbxassetid://16691911155")
local Tab2 = Window:Tab("Main", "rbxassetid://15712703260")
local Tab3 = Window:Tab("Setting", "rbxassetid://15712711639")
local Tab4 = Window:Tab("Other Farm", "rbxassetid://15712717270")
local Tab5 = Window:Tab("Stats", "rbxassetid://15712723981")
local Tab6 = Window:Tab("Race V4", "rbxassetid://15712776421")
local Tab7 = Window:Tab("Games Event", "rbxassetid://15806749681")
local Tab8 = Window:Tab("Function5", "rbxassetid://15712738876")
local Tab9 = Window:Tab("Player", "rbxassetid://15712750195")
local Tab10 = Window:Tab("Devil Fruit", "rbxassetid://15712758182")
local Tab11 = Window:Tab("Raid", "rbxassetid://15712763124")
local Tab12 = Window:Tab("Shop", "rbxassetid://15712767144")
local Tab13 = Window:Tab("Misc", "rbxassetid://15712771666")
local Tab14 = Window:Tab("Status Sever", "rbxassetid://10723364725")
Tab:Seperator("Lunar X Hub")
Tab:Label("Blox Fruits | Script Free Version")
Tab:Seperator("Status")
local Label = Tab:Label("")
local Label2 = Tab:Label("Name : " .. game.Players.LocalPlayer.Name)
local Label3 = Tab:Label("")
local Label4 = Tab:Label("")
Function = function()
    local Floor = math.floor(game:GetService("Workspace").DistributedGameTime + 0.5)
    local RealPhysicsFps = game:GetService("Workspace"):GetRealPhysicsFPS()
    local ValueString = game:GetService("Stats").Network.ServerStatsItem["Data Ping"]:GetValueString()
    Label:Set("Result6 : " .. math.floor(Floor / 3600) % 24 .. " : " .. math.floor(Floor / 60) % 60 .. " : " .. math.floor(Floor / 1) % 60)
    Label3:Set("FPS : " .. RealPhysicsFps)
    Label4:Set("Ping : " .. ValueString)
end
task.spawn(function()
    while task.wait() do
        Function()
    end
end)
Tab:Label("Join Our Discord for News")
Tab:Button("Copy Discord Link", function()
    Function("Copy Discord Link!", 5)
    setclipboard("https://discord.gg / 6DxKCH6gE7")
end)
assert(getrawmetatable)
Result = getrawmetatable(game)
setreadonly(Result, false)
Namecall = Result.__namecall
Result.__namecall = newcclosure(function(Param, ...)
    local Value = {
        ...
    }
    if tostring(Value[1]) == "TeleportDetect" then
        return
    end
    if tostring(Value[1]) == "CHECKER_1" then
        return
    end
    if tostring(Value[1]) == "CHECKER" then
        return
    end
    if tostring(Value[1]) == "GUI_CHECK" then
        return
    end
    if tostring(Value[1]) == "OneMoreTime" then
        return
    end
    if tostring(Value[1]) == "checkingSPEED" then
        return
    end
    if tostring(Value[1]) == "BANREMOTE" then
        return
    end
    if tostring(Value[1]) == "PERMAIDBAN" then
        return
    end
    if tostring(Value[1]) == "KICKREMOTE" then
        return
    end
    if tostring(Value[1]) == "BR_KICKPC" then
        return
    end
    if tostring(Value[1]) == "BR_KICKMOBILE" then
        return
    end
    return Namecall(Param, ...)
end)
getgenv().A = require(game:GetService("ReplicatedStorage").CombatFramework.RigLib).wrapAttackAnimationAsync
getgenv().B = require(game.Players.LocalPlayer.PlayerScripts.CombatFramework.Particle).play
_G.setfflag = true
spawn(function()
    while wait() do
        local Setfflag = _G.setfflag
        if Setfflag then
            setfflag("AbuseReportScreenshot", "False")
            setfflag("AbuseReportScreenshotPercentage", "0")
        end
    end
end)
_G.SafeFarm = true
spawn(function()
    while wait() do
        local SafeFarm = _G.SafeFarm
        if SafeFarm then
            SafeFarm = pairs
            for I, I2 in SafeFarm(game:GetService("Players").LocalPlayer.Character:GetDescendants()) do
                if I2:IsA("LocalScript") and (I2.Name == "General" or I2.Name == "Shiftlock" or I2.Name == "FallDamage" or I2.Name == "4444" or I2.Name == "CamBob" or I2.Name == "JumpCD" or I2.Name == "Looking" or I2.Name == "Run") then
                    I2:Destroy()
                end
            end
            SafeFarm = pairs
            for I, I2 in SafeFarm(game:GetService("Players").LocalPlayer.PlayerScripts:GetDescendants()) do
                if I2:IsA("LocalScript") and (I2.Name == "RobloxMotor6DBugFix" or I2.Name == "Clans" or I2.Name == "Codes" or I2.Name == "CustomForceField" or I2.Name == "MenuBloodSp" or I2.Name == "PlayerList") then
                    I2:Destroy()
                end
            end
        else
            game.Players.LocalPlayer:Kick("Please don't turn off safe farm if you don't want to get banned")
        end
    end
end)
if game.PlaceId == 2753915549 then
    Flag = true
elseif game.PlaceId == 4442272183 then
    Flag2 = true
elseif game.PlaceId == 7449423635 then
    Flag3 = true
end
Function2 = function()
    Value = game:GetService("Players").LocalPlayer.Data.Level.Value
    if Flag then
        if Value == 1 or Value <= 9 then
            String250 = "Bandit"
            Number84 = 1
            String251 = "BanditQuest1"
            String252 = "Bandit"
            Inst167 = CFrame.new(1059.37194999999997, 15.4495068, 1550.423099999999977, 0.939700544, -0, -0.341998369, -0, 1, -0, 0.341998369, -0, 0.939700544)
            Inst168 = CFrame.new(1045.962646484375, 27.002508163452148, 1560.8203125)
        elseif Value == 10 or Value <= 14 then
            String250 = "Monkey"
            Number84 = 1
            String251 = "JungleQuest"
            String252 = "Monkey"
            Inst167 = CFrame.new(-1598.089109999999891, 35.550117499999999, 153.377837999999997, -0, -0, 1, -0, 1, -0, -1, -0, -0)
            Inst168 = CFrame.new(-1448.51806640625, 67.853012084960938, 11.46579647064209)
        elseif Value == 15 or Value <= 29 then
            String250 = "Gorilla"
            Number84 = 2
            String251 = "JungleQuest"
            String252 = "Gorilla"
            Inst167 = CFrame.new(-1598.089109999999891, 35.550117499999999, 153.377837999999997, -0, -0, 1, -0, 1, -0, -1, -0, -0)
            Inst168 = CFrame.new(-1129.8836669921875, 40.463546752929688, -525.4237060546875)
        elseif Value == 30 or Value <= 39 then
            String250 = "Pirate"
            Number84 = 1
            String251 = "BuggyQuest1"
            String252 = "Pirate"
            Inst167 = CFrame.new(-1141.07483000000002, 4.10001802, 3831.549799999999777, 0.965929627, -0, -0.258804798, -0, 1, -0, 0.258804798, -0, 0.965929627)
            Inst168 = CFrame.new(-1103.513427734375, 13.752052307128906, 3896.091064453125)
        elseif Value == 40 or Value <= 59 then
            String250 = "Brute"
            Number84 = 2
            String251 = "BuggyQuest1"
            String252 = "Brute"
            Inst167 = CFrame.new(-1141.07483000000002, 4.10001802, 3831.549799999999777, 0.965929627, -0, -0.258804798, -0, 1, -0, 0.258804798, -0, 0.965929627)
            Inst168 = CFrame.new(-1140.083740234375, 14.809885025024414, 4322.92138671875)
        elseif Value == 60 or Value <= 74 then
            String250 = "Desert Bandit"
            Number84 = 1
            String251 = "DesertQuest"
            String252 = "Desert Bandit"
            Inst167 = CFrame.new(894.488647000000014, 5.14000702, 4392.43358999999964, 0.819155693, -0, -0.573571265, -0, 1, -0, 0.573571265, -0, 0.819155693)
            Inst168 = CFrame.new(924.7998046875, 6.44867467880249, 4481.5859375)
        elseif Value == 75 or Value <= 89 then
            String250 = "Desert Officer"
            Number84 = 2
            String251 = "DesertQuest"
            String252 = "Desert Officer"
            Inst167 = CFrame.new(894.488647000000014, 5.14000702, 4392.43358999999964, 0.819155693, -0, -0.573571265, -0, 1, -0, 0.573571265, -0, 0.819155693)
            Inst168 = CFrame.new(1608.2822265625, 8.614224433898926, 4371.00732421875)
        elseif Value == 90 or Value <= 99 then
            String250 = "Snow Bandit"
            Number84 = 1
            String251 = "SnowQuest"
            String252 = "Snow Bandit"
            Inst167 = CFrame.new(1389.744509999999991, 88.1519318, -1298.907960000000003, -0.342042685, -0, 0.939684391, -0, 1, -0, -0.939684391, -0, -0.342042685)
            Inst168 = CFrame.new(1354.347900390625, 87.272773742675781, -1393.946533203125)
        elseif Value == 100 or Value <= 119 then
            String250 = "Snowman"
            Number84 = 2
            String251 = "SnowQuest"
            String252 = "Snowman"
            Inst167 = CFrame.new(1389.744509999999991, 88.1519318, -1298.907960000000003, -0.342042685, -0, 0.939684391, -0, 1, -0, -0.939684391, -0, -0.342042685)
            Inst168 = CFrame.new(1201.6412353515625, 144.57958984375, -1550.0670166015625)
        elseif Value == 120 or Value <= 149 then
            String250 = "Chief Petty Officer"
            Number84 = 1
            String251 = "MarineQuest2"
            String252 = "Chief Petty Officer"
            Inst167 = CFrame.new(-5039.586430000000291, 27.3500385, 4324.680180000000291, -0, -0, -1, -0, 1, -0, 1, -0, -0)
            Inst168 = CFrame.new(-4881.23095703125, 22.652044296264648, 4273.75244140625)
        elseif Value == 150 or Value <= 174 then
            String250 = "Sky Bandit"
            Number84 = 1
            String251 = "SkyQuest"
            String252 = "Sky Bandit"
            Inst167 = CFrame.new(-4839.530270000000201, 716.368591000000038, -2619.441650000000209, 0.866007268, -0, 0.500031412, -0, 1, -0, -0.500031412, -0, 0.866007268)
            Inst168 = CFrame.new(-4953.20703125, 295.74420166015625, -2899.22900390625)
        elseif Value == 175 or Value <= 189 then
            String250 = "Dark Master"
            Number84 = 2
            String251 = "SkyQuest"
            String252 = "Dark Master"
            Inst167 = CFrame.new(-4839.530270000000201, 716.368591000000038, -2619.441650000000209, 0.866007268, -0, 0.500031412, -0, 1, -0, -0.500031412, -0, 0.866007268)
            Inst168 = CFrame.new(-5259.8447265625, 391.397674560546875, -2229.035400390625)
        elseif Value == 190 or Value <= 209 then
            String250 = "Prisoner"
            Number84 = 1
            String251 = "PrisonerQuest"
            String252 = "Prisoner"
            Inst167 = CFrame.new(5308.931150000000343, 1.65517521, 475.120514000000014, -0.0894274712, -0.000000005002929, -0.995993316, 0.000000001608179, 1, -0.000000005167449, 0.995993316, -0.000000002063847, -0.0894274712)
            Inst168 = CFrame.new(5098.9736328125, -0.320405811071396, 474.237335205078125)
        elseif Value == 210 or Value <= 249 then
            String250 = "Dangerous Prisoner"
            Number84 = 2
            String251 = "PrisonerQuest"
            String252 = "Dangerous Prisoner"
            Inst167 = CFrame.new(5308.931150000000343, 1.65517521, 475.120514000000014, -0.0894274712, -0.000000005002929, -0.995993316, 0.000000001608179, 1, -0.000000005167449, 0.995993316, -0.000000002063847, -0.0894274712)
            Inst168 = CFrame.new(5654.5634765625, 15.633401870727539, 866.2991943359375)
        elseif Value == 250 or Value <= 274 then
            String250 = "Toga Warrior"
            Number84 = 1
            String251 = "ColosseumQuest"
            String252 = "Toga Warrior"
            Inst167 = CFrame.new(-1580.04663000000005, 6.35000277, -2986.47533999999996, -0.515037298, -0, -0.857167721, -0, 1, -0, 0.857167721, -0, -0.515037298)
            Inst168 = CFrame.new(-1820.21484375, 51.683856964111328, -2740.6650390625)
        elseif Value == 275 or Value <= 299 then
            String250 = "Gladiator"
            Number84 = 2
            String251 = "ColosseumQuest"
            String252 = "Gladiator"
            Inst167 = CFrame.new(-1580.04663000000005, 6.35000277, -2986.47533999999996, -0.515037298, -0, -0.857167721, -0, 1, -0, 0.857167721, -0, -0.515037298)
            Inst168 = CFrame.new(-1292.838134765625, 56.380882263183594, -3339.031494140625)
        elseif Value == 300 or Value <= 324 then
            String250 = "Military Soldier"
            Number84 = 1
            String251 = "MagmaQuest"
            String252 = "Military Soldier"
            Inst167 = CFrame.new(-5313.370119999999588, 10.9500084, 8515.293949999999313, -0.499959469, -0, 0.866048813, -0, 1, -0, -0.866048813, -0, -0.499959469)
            Inst168 = CFrame.new(-5411.16455078125, 11.081554412841797, 8454.29296875)
        elseif Value == 325 or Value <= 374 then
            String250 = "Military Spy"
            Number84 = 2
            String251 = "MagmaQuest"
            String252 = "Military Spy"
            Inst167 = CFrame.new(-5313.370119999999588, 10.9500084, 8515.293949999999313, -0.499959469, -0, 0.866048813, -0, 1, -0, -0.866048813, -0, -0.499959469)
            Inst168 = CFrame.new(-5802.8681640625, 86.262413024902344, 8828.859375)
        elseif Value == 375 or Value <= 399 then
            String250 = "Fishman Warrior"
            Number84 = 1
            String251 = "FishmanQuest"
            String252 = "Fishman Warrior"
            Inst167 = CFrame.new(61122.65234375, 18.497442245483001, 1569.399780273399983)
            Inst168 = CFrame.new(60878.30078125, 18.482830047607422, 1543.7574462890625)
            if _G.AutoFarm and 10000 < (Inst167.Position - game.Players.LocalPlayer.Character.HumanoidRootPart.Position).Magnitude then
                game:GetService("ReplicatedStorage").Remotes.CommF_:InvokeServer("requestEntrance", Vector3.new(61163.8515625, 11.6796875, 1819.7841796875))
            end
        elseif Value == 400 or Value <= 449 then
            String250 = "Fishman Commando"
            Number84 = 2
            String251 = "FishmanQuest"
            String252 = "Fishman Commando"
            Inst167 = CFrame.new(61122.65234375, 18.497442245483001, 1569.399780273399983)
            Inst168 = CFrame.new(61922.6328125, 18.482830047607422, 1493.934326171875)
            if _G.AutoFarm and 10000 < (Inst167.Position - game.Players.LocalPlayer.Character.HumanoidRootPart.Position).Magnitude then
                game:GetService("ReplicatedStorage").Remotes.CommF_:InvokeServer("requestEntrance", Vector3.new(61163.8515625, 11.6796875, 1819.7841796875))
            end
        elseif Value == 450 or Value <= 474 then
            String250 = "God's Guard"
            Number84 = 1
            String251 = "SkyExp1Quest"
            String252 = "God's Guard"
            Inst167 = CFrame.new(-4721.888670000000275, 843.874694999999974, -1949.966429999999946, 0.996191859, -0, -0.0871884301, -0, 1, -0, 0.0871884301, -0, 0.996191859)
            Inst168 = CFrame.new(-4710.04296875, 845.2769775390625, -1927.3079833984375)
            if _G.AutoFarm and 10000 < (Inst167.Position - game.Players.LocalPlayer.Character.HumanoidRootPart.Position).Magnitude then
                game:GetService("ReplicatedStorage").Remotes.CommF_:InvokeServer("requestEntrance", Vector3.new(-4607.822750000000269, 872.542479999999955, -1667.556880000000092))
            end
        elseif Value == 475 or Value <= 524 then
            String250 = "Shanda"
            Number84 = 2
            String251 = "SkyExp1Quest"
            String252 = "Shanda"
            Inst167 = CFrame.new(-7859.098140000000058, 5544.190429999999651, -381.476196000000016, -0.422592998, -0, 0.906319618, -0, 1, -0, -0.906319618, -0, -0.422592998)
            Inst168 = CFrame.new(-7678.48974609375, 5566.40380859375, -497.215606689453125)
            if _G.AutoFarm and 10000 < (Inst167.Position - game.Players.LocalPlayer.Character.HumanoidRootPart.Position).Magnitude then
                game:GetService("ReplicatedStorage").Remotes.CommF_:InvokeServer("requestEntrance", Vector3.new(-7894.617675781300022, 5547.1416015625, -380.291198730470001))
            end
        elseif Value == 525 or Value <= 549 then
            String250 = "Royal Squad"
            Number84 = 1
            String251 = "SkyExp2Quest"
            String252 = "Royal Squad"
            Inst167 = CFrame.new(-7906.815920000000006, 5634.662599999999657, -1411.991940000000113, -0, -0, -1, -0, 1, -0, 1, -0, -0)
            Inst168 = CFrame.new(-7624.25244140625, 5658.13330078125, -1467.354248046875)
        elseif Value == 550 or Value <= 624 then
            String250 = "Royal Soldier"
            Number84 = 2
            String251 = "SkyExp2Quest"
            String252 = "Royal Soldier"
            Inst167 = CFrame.new(-7906.815920000000006, 5634.662599999999657, -1411.991940000000113, -0, -0, -1, -0, 1, -0, 1, -0, -0)
            Inst168 = CFrame.new(-7836.75341796875, 5645.6640625, -1790.6236572265625)
        elseif Value == 625 or Value <= 649 then
            String250 = "Galley Pirate"
            Number84 = 1
            String251 = "FountainQuest"
            String252 = "Galley Pirate"
            Inst167 = CFrame.new(5259.819819999999709, 37.3500175, 4050.029300000000148, 0.087131381, -0, 0.996196866, -0, 1, -0, -0.996196866, -0, 0.087131381)
            Inst168 = CFrame.new(5551.02197265625, 78.901351928710938, 3930.412841796875)
        elseif Value >= 650 then
            String250 = "Galley Captain"
            Number84 = 2
            String251 = "FountainQuest"
            String252 = "Galley Captain"
            Inst167 = CFrame.new(5259.819819999999709, 37.3500175, 4050.029300000000148, 0.087131381, -0, 0.996196866, -0, 1, -0, -0.996196866, -0, 0.087131381)
            Inst168 = CFrame.new(5441.95166015625, 42.502059936523438, 4950.09375)
        end
    elseif Flag2 then
        if Value == 700 or Value <= 724 then
            String250 = "Raider"
            Number84 = 1
            String251 = "Area1Quest"
            String252 = "Raider"
            Inst167 = CFrame.new(-429.543518000000006, 71.769996599999999, 1836.181880000000092, -0.22495985, -0, -0.974368095, -0, 1, -0, 0.974368095, -0, -0.22495985)
            Inst168 = CFrame.new(-728.32672119140625, 52.779319763183594, 2345.7705078125)
        elseif Value == 725 or Value <= 774 then
            String250 = "Mercenary"
            Number84 = 2
            String251 = "Area1Quest"
            String252 = "Mercenary"
            Inst167 = CFrame.new(-429.543518000000006, 71.769996599999999, 1836.181880000000092, -0.22495985, -0, -0.974368095, -0, 1, -0, 0.974368095, -0, -0.22495985)
            Inst168 = CFrame.new(-1004.32440185546875, 80.158866882324219, 1424.619384765625)
        elseif Value == 775 or Value <= 799 then
            String250 = "Swan Pirate"
            Number84 = 1
            String251 = "Area2Quest"
            String252 = "Swan Pirate"
            Inst167 = CFrame.new(638.438110000000052, 71.769988999999995, 918.282898000000046, 0.139203906, -0, 0.99026376, -0, 1, -0, -0.99026376, -0, 0.139203906)
            Inst168 = CFrame.new(1068.664306640625, 137.614288330078125, 1322.1060791015625)
        elseif Value == 800 or Value <= 874 then
            String250 = "Factory Staff"
            String251 = "Area2Quest"
            Number84 = 2
            String252 = "Factory Staff"
            Inst167 = CFrame.new(632.698608000000036, 73.105590800000002, 918.666321000000039, -0.0319722369, 0.000000000896075, -0.999488771, 0.000000000136327, 1, 0.000000000892172, 0.999488771, -0.000000000107732, -0.0319722369)
            Inst168 = CFrame.new(73.07867431640625, 81.863441467285156, -27.470672607421875)
        elseif Value == 875 or Value <= 899 then
            String250 = "Marine Lieutenant"
            Number84 = 1
            String251 = "MarineQuest3"
            String252 = "Marine Lieutenant"
            Inst167 = CFrame.new(-2440.796389999999974, 71.714073200000001, -3216.068119999999908, 0.866007268, -0, 0.500031412, -0, 1, -0, -0.500031412, -0, 0.866007268)
            Inst168 = CFrame.new(-2821.372314453125, 75.89727783203125, -3070.089111328125)
        elseif Value == 900 or Value <= 949 then
            String250 = "Marine Captain"
            Number84 = 2
            String251 = "MarineQuest3"
            String252 = "Marine Captain"
            Inst167 = CFrame.new(-2440.796389999999974, 71.714073200000001, -3216.068119999999908, 0.866007268, -0, 0.500031412, -0, 1, -0, -0.500031412, -0, 0.866007268)
            Inst168 = CFrame.new(-1861.2310791015625, 80.176582336425781, -3254.697509765625)
        elseif Value == 950 or Value <= 974 then
            String250 = "Zombie"
            Number84 = 1
            String251 = "ZombieQuest"
            String252 = "Zombie"
            Inst167 = CFrame.new(-5497.061520000000201, 47.592300399999999, -795.23706100000004, -0.29242146, -0, -0.95628953, -0, 1, -0, 0.95628953, -0, -0.29242146)
            Inst168 = CFrame.new(-5657.77685546875, 78.969734191894531, -928.68701171875)
        elseif Value == 975 or Value <= 999 then
            String250 = "Vampire"
            Number84 = 2
            String251 = "ZombieQuest"
            String252 = "Vampire"
            Inst167 = CFrame.new(-5497.061520000000201, 47.592300399999999, -795.23706100000004, -0.29242146, -0, -0.95628953, -0, 1, -0, 0.95628953, -0, -0.29242146)
            Inst168 = CFrame.new(-6037.66796875, 32.184638977050781, -1340.6597900390625)
        elseif Value == 1000 or Value <= 1049 then
            String250 = "Snow Trooper"
            Number84 = 1
            String251 = "SnowMountainQuest"
            String252 = "Snow Trooper"
            Inst167 = CFrame.new(609.858826000000022, 400.11990400000002, -5372.259280000000217, -0.374604106, -0, 0.92718488, -0, 1, -0, -0.92718488, -0, -0.374604106)
            Inst168 = CFrame.new(549.1473388671875, 427.387054443359375, -5563.69873046875)
        elseif Value == 1050 or Value <= 1099 then
            String250 = "Winter Warrior"
            Number84 = 2
            String251 = "SnowMountainQuest"
            String252 = "Winter Warrior"
            Inst167 = CFrame.new(609.858826000000022, 400.11990400000002, -5372.259280000000217, -0.374604106, -0, 0.92718488, -0, 1, -0, -0.92718488, -0, -0.374604106)
            Inst168 = CFrame.new(1142.7451171875, 475.639801025390625, -5199.41650390625)
        elseif Value == 1100 or Value <= 1124 then
            String250 = "Lab Subordinate"
            Number84 = 1
            String251 = "IceSideQuest"
            String252 = "Lab Subordinate"
            Inst167 = CFrame.new(-6064.068849999999657, 15.2422857, -4902.978519999999662, 0.453972578, -0, -0.891015649, -0, 1, -0, 0.891015649, -0, 0.453972578)
            Inst168 = CFrame.new(-5707.4716796875, 15.951709747314453, -4513.39208984375)
        elseif Value == 1125 or Value <= 1174 then
            String250 = "Horned Warrior"
            Number84 = 2
            String251 = "IceSideQuest"
            String252 = "Horned Warrior"
            Inst167 = CFrame.new(-6064.068849999999657, 15.2422857, -4902.978519999999662, 0.453972578, -0, -0.891015649, -0, 1, -0, 0.891015649, -0, 0.453972578)
            Inst168 = CFrame.new(-6341.36669921875, 15.951770782470703, -5723.162109375)
        elseif Value == 1175 or Value <= 1199 then
            String250 = "Magma Ninja"
            Number84 = 1
            String251 = "FireSideQuest"
            String252 = "Magma Ninja"
            Inst167 = CFrame.new(-5428.031740000000354, 15.062292100000001, -5299.434570000000349, -0.882952213, -0, 0.469463557, -0, 1, -0, -0.469463557, -0, -0.882952213)
            Inst168 = CFrame.new(-5449.6728515625, 76.658744812011719, -5808.20068359375)
        elseif Value == 1200 or Value <= 1249 then
            String250 = "Lava Pirate"
            Number84 = 2
            String251 = "FireSideQuest"
            String252 = "Lava Pirate"
            Inst167 = CFrame.new(-5428.031740000000354, 15.062292100000001, -5299.434570000000349, -0.882952213, -0, 0.469463557, -0, 1, -0, -0.469463557, -0, -0.882952213)
            Inst168 = CFrame.new(-5213.33154296875, 49.737880706787109, -4701.451171875)
        elseif Value == 1250 or Value <= 1274 then
            String250 = "Ship Deckhand"
            Number84 = 1
            String251 = "ShipQuest1"
            String252 = "Ship Deckhand"
            Inst167 = CFrame.new(1037.801269999999931, 125.092170999999993, 32911.601600000001781)
            Inst168 = CFrame.new(1212.0111083984375, 150.79205322265625, 33059.24609375)
            if _G.AutoFarm and 10000 < (Inst167.Position - game.Players.LocalPlayer.Character.HumanoidRootPart.Position).Magnitude then
                game:GetService("ReplicatedStorage").Remotes.CommF_:InvokeServer("requestEntrance", Vector3.new(923.212524414059999, 126.9760055542, 32852.83203125))
            end
        elseif Value == 1275 or Value <= 1299 then
            String250 = "Ship Engineer"
            Number84 = 2
            String251 = "ShipQuest1"
            String252 = "Ship Engineer"
            Inst167 = CFrame.new(1037.801269999999931, 125.092170999999993, 32911.601600000001781)
            Inst168 = CFrame.new(919.4786376953125, 43.544013977050781, 32779.96875)
            if _G.AutoFarm and 10000 < (Inst167.Position - game.Players.LocalPlayer.Character.HumanoidRootPart.Position).Magnitude then
                game:GetService("ReplicatedStorage").Remotes.CommF_:InvokeServer("requestEntrance", Vector3.new(923.212524414059999, 126.9760055542, 32852.83203125))
            end
        elseif Value == 1300 or Value <= 1324 then
            String250 = "Ship Steward"
            Number84 = 1
            String251 = "ShipQuest2"
            String252 = "Ship Steward"
            Inst167 = CFrame.new(968.809570000000008, 125.092170999999993, 33244.125)
            Inst168 = CFrame.new(919.43853759765625, 129.555999755859375, 33436.03515625)
            if _G.AutoFarm and 10000 < (Inst167.Position - game.Players.LocalPlayer.Character.HumanoidRootPart.Position).Magnitude then
                game:GetService("ReplicatedStorage").Remotes.CommF_:InvokeServer("requestEntrance", Vector3.new(923.212524414059999, 126.9760055542, 32852.83203125))
            end
        elseif Value == 1325 or Value <= 1349 then
            String250 = "Ship Officer"
            Number84 = 2
            String251 = "ShipQuest2"
            String252 = "Ship Officer"
            Inst167 = CFrame.new(968.809570000000008, 125.092170999999993, 33244.125)
            Inst168 = CFrame.new(1036.0179443359375, 181.439041137695312, 33315.7265625)
            if _G.AutoFarm and 10000 < (Inst167.Position - game.Players.LocalPlayer.Character.HumanoidRootPart.Position).Magnitude then
                game:GetService("ReplicatedStorage").Remotes.CommF_:InvokeServer("requestEntrance", Vector3.new(923.212524414059999, 126.9760055542, 32852.83203125))
            end
        elseif Value == 1350 or Value <= 1374 then
            String250 = "Arctic Warrior"
            Number84 = 1
            String251 = "FrostQuest"
            String252 = "Arctic Warrior"
            Inst167 = CFrame.new(5667.658199999999852, 26.799781800000002, -6486.08983999999964, -0.933587909, -0, -0.358349502, -0, 1, -0, 0.358349502, -0, -0.933587909)
            Inst168 = CFrame.new(5966.24609375, 62.970020294189453, -6179.3828125)
            if _G.AutoFarm and 10000 < (Inst167.Position - game.Players.LocalPlayer.Character.HumanoidRootPart.Position).Magnitude then
                game:GetService("ReplicatedStorage").Remotes.CommF_:InvokeServer("requestEntrance", Vector3.new(-6508.558105468800022, 5000.034996032714844, -132.839538574220001))
            end
        elseif Value == 1375 or Value <= 1424 then
            String250 = "Snow Lurker"
            Number84 = 2
            String251 = "FrostQuest"
            String252 = "Snow Lurker"
            Inst167 = CFrame.new(5667.658199999999852, 26.799781800000002, -6486.08983999999964, -0.933587909, -0, -0.358349502, -0, 1, -0, 0.358349502, -0, -0.933587909)
            Inst168 = CFrame.new(5407.07373046875, 69.194374084472656, -6880.88037109375)
        elseif Value == 1425 or Value <= 1449 then
            String250 = "Sea Soldier"
            Number84 = 1
            String251 = "ForgottenQuest"
            String252 = "Sea Soldier"
            Inst167 = CFrame.new(-3054.44457999999986, 235.544281000000012, -10142.819299999999203, 0.990270376, -0, -0.13915664, -0, 1, -0, 0.13915664, -0, 0.990270376)
            Inst168 = CFrame.new(-3028.2236328125, 64.674514770507812, -9775.4267578125)
        elseif Value >= 1450 then
            String250 = "Water Fighter"
            Number84 = 2
            String251 = "ForgottenQuest"
            String252 = "Water Fighter"
            Inst167 = CFrame.new(-3054.44457999999986, 235.544281000000012, -10142.819299999999203, 0.990270376, -0, -0.13915664, -0, 1, -0, 0.13915664, -0, 0.990270376)
            Inst168 = CFrame.new(-3352.9013671875, 285.01556396484375, -10534.841796875)
        end
    elseif Flag3 then
        if Value == 1500 or Value <= 1524 then
            String250 = "Pirate Millionaire"
            Number84 = 1
            String251 = "PiratePortQuest"
            String252 = "Pirate Millionaire"
            Inst167 = CFrame.new(-290.074677000000008, 42.903465300000001, 5581.58983999999964, 0.965929627, -0, -0.258804798, -0, 1, -0, 0.258804798, -0, 0.965929627)
            Inst168 = CFrame.new(-245.996383666992188, 47.30615234375, 5584.1005859375)
        elseif Value == 1525 or Value <= 1574 then
            String250 = "Pistol Billionaire"
            Number84 = 2
            String251 = "PiratePortQuest"
            String252 = "Pistol Billionaire"
            Inst167 = CFrame.new(-290.074677000000008, 42.903465300000001, 5581.58983999999964, 0.965929627, -0, -0.258804798, -0, 1, -0, 0.258804798, -0, 0.965929627)
            Inst168 = CFrame.new(-187.330154418945312, 86.239875793457031, 6013.513671875)
        elseif Value == 1575 or Value <= 1599 then
            String250 = "Dragon Crew Warrior"
            Number84 = 1
            String251 = "AmazonQuest"
            String252 = "Dragon Crew Warrior"
            Inst167 = CFrame.new(5832.835939999999937, 51.680610700000003, -1101.515630000000101, 0.898790359, -0, -0.438378751, -0, 1, -0, 0.438378751, -0, 0.898790359)
            Inst168 = CFrame.new(6141.140625, 51.351364135742188, -1340.738525390625)
        elseif Value == 1600 or Value <= 1624 then
            String250 = "Dragon Crew Archer"
            String251 = "AmazonQuest"
            Number84 = 2
            String252 = "Dragon Crew Archer"
            Inst167 = CFrame.new(5833.114746093800022, 51.60498046875, -1103.0693359375)
            Inst168 = CFrame.new(6616.41748046875, 441.767059326171875, 446.0469970703125)
        elseif Value == 1625 or Value <= 1649 then
            String250 = "Female Islander"
            String251 = "AmazonQuest2"
            Number84 = 1
            String252 = "Female Islander"
            Inst167 = CFrame.new(5446.879394531300022, 601.629455566410002, 749.456726074220001)
            Inst168 = CFrame.new(4685.25830078125, 735.80780029296875, 815.34259033203125)
        elseif Value == 1650 or Value <= 1699 then
            String250 = "Giant Islander"
            String251 = "AmazonQuest2"
            Number84 = 2
            String252 = "Giant Islander"
            Inst167 = CFrame.new(5446.879394531300022, 601.629455566410002, 749.456726074220001)
            Inst168 = CFrame.new(4729.09423828125, 590.436767578125, -36.976276397705078)
        elseif Value == 1700 or Value <= 1724 then
            String250 = "Marine Commodore"
            Number84 = 1
            String251 = "MarineTreeIsland"
            String252 = "Marine Commodore"
            Inst167 = CFrame.new(2180.541259999999966, 27.8156815, -6741.549799999999777, -0.965929747, -0, 0.258804798, -0, 1, -0, -0.258804798, -0, -0.965929747)
            Inst168 = CFrame.new(2286.0078125, 73.133918762207031, -7159.80908203125)
        elseif Value == 1725 or Value <= 1774 then
            String250 = "Marine Rear Admiral"
            String252 = "Marine Rear Admiral"
            String251 = "MarineTreeIsland"
            Number84 = 2
            Inst167 = CFrame.new(2179.98828125, 28.731239318848001, -6740.055175781300022)
            Inst168 = CFrame.new(3656.773681640625, 160.524063110351562, -7001.5986328125)
        elseif Value == 1775 or Value <= 1799 then
            String250 = "Fishman Raider"
            Number84 = 1
            String251 = "DeepForestIsland3"
            String252 = "Fishman Raider"
            Inst167 = CFrame.new(-10581.656300000000556, 330.87295499999999, -8761.186519999999291, -0.882952213, -0, 0.469463557, -0, 1, -0, -0.469463557, -0, -0.882952213)
            Inst168 = CFrame.new(-10407.5263671875, 331.76263427734375, -8368.5166015625)
        elseif Value == 1800 or Value <= 1824 then
            String250 = "Fishman Captain"
            Number84 = 2
            String251 = "DeepForestIsland3"
            String252 = "Fishman Captain"
            Inst167 = CFrame.new(-10581.656300000000556, 330.87295499999999, -8761.186519999999291, -0.882952213, -0, 0.469463557, -0, 1, -0, -0.469463557, -0, -0.882952213)
            Inst168 = CFrame.new(-10994.701171875, 352.38140869140625, -9002.1103515625)
        elseif Value == 1825 or Value <= 1849 then
            String250 = "Forest Pirate"
            Number84 = 1
            String251 = "DeepForestIsland"
            String252 = "Forest Pirate"
            Inst167 = CFrame.new(-13234.040000000000873, 331.488495, -7625.401369999999588, 0.707134247, -0, -0.707079291, -0, 1, -0, 0.707079291, -0, 0.707134247)
            Inst168 = CFrame.new(-13274.478515625, 332.378143310546875, -7769.58056640625)
        elseif Value == 1850 or Value <= 1899 then
            String250 = "Mythological Pirate"
            Number84 = 2
            String251 = "DeepForestIsland"
            String252 = "Mythological Pirate"
            Inst167 = CFrame.new(-13234.040000000000873, 331.488495, -7625.401369999999588, 0.707134247, -0, -0.707079291, -0, 1, -0, 0.707079291, -0, 0.707134247)
            Inst168 = CFrame.new(-13680.607421875, 501.08154296875, -6991.189453125)
        elseif Value == 1900 or Value <= 1924 then
            String250 = "Jungle Pirate"
            Number84 = 1
            String251 = "DeepForestIsland2"
            String252 = "Jungle Pirate"
            Inst167 = CFrame.new(-12680.381799999999203, 389.971039000000019, -9902.019529999999577, -0.0871315002, -0, 0.996196866, -0, 1, -0, -0.996196866, -0, -0.0871315002)
            Inst168 = CFrame.new(-12256.16015625, 331.73828125, -10485.8369140625)
        elseif Value == 1925 or Value <= 1974 then
            String250 = "Musketeer Pirate"
            Number84 = 2
            String251 = "DeepForestIsland2"
            String252 = "Musketeer Pirate"
            Inst167 = CFrame.new(-12680.381799999999203, 389.971039000000019, -9902.019529999999577, -0.0871315002, -0, 0.996196866, -0, 1, -0, -0.996196866, -0, -0.0871315002)
            Inst168 = CFrame.new(-13457.904296875, 391.545654296875, -9859.177734375)
        elseif Value == 1975 or Value <= 1999 then
            String250 = "Reborn Skeleton"
            Number84 = 1
            String251 = "HauntedQuest1"
            String252 = "Reborn Skeleton"
            Inst167 = CFrame.new(-9479.216800000000148, 141.215088000000009, 5566.092770000000201, -0, -0, 1, -0, 1, -0, -1, -0, -0)
            Inst168 = CFrame.new(-8763.7236328125, 165.722991943359375, 6159.86181640625)
        elseif Value == 2000 or Value <= 2024 then
            String250 = "Living Zombie"
            Number84 = 2
            String251 = "HauntedQuest1"
            String252 = "Living Zombie"
            Inst167 = CFrame.new(-9479.216800000000148, 141.215088000000009, 5566.092770000000201, -0, -0, 1, -0, 1, -0, -1, -0, -0)
            Inst168 = CFrame.new(-10144.1318359375, 138.626678466796875, 5838.0888671875)
        elseif Value == 2025 or Value <= 2049 then
            String250 = "Demonic Soul"
            Number84 = 1
            String251 = "HauntedQuest2"
            String252 = "Demonic Soul"
            Inst167 = CFrame.new(-9516.993159999999989, 172.017180999999994, 6078.465329999999994, -0, -0, -1, -0, 1, -0, 1, -0, -0)
            Inst168 = CFrame.new(-9505.8720703125, 172.104827880859375, 6158.9931640625)
        elseif Value == 2050 or Value <= 2074 then
            String250 = "Posessed Mummy"
            Number84 = 2
            String251 = "HauntedQuest2"
            String252 = "Posessed Mummy"
            Inst167 = CFrame.new(-9516.993159999999989, 172.017180999999994, 6078.465329999999994, -0, -0, -1, -0, 1, -0, 1, -0, -0)
            Inst168 = CFrame.new(-9582.0224609375, 6.251527309417725, 6205.478515625)
        elseif Value == 2075 or Value <= 2099 then
            String250 = "Peanut Scout"
            Number84 = 1
            String251 = "NutsIslandQuest"
            String252 = "Peanut Scout"
            Inst167 = CFrame.new(-2104.390869140599989, 38.104167938232003, -10194.21875, -0, -0, -1, -0, 1, -0, 1, -0, -0)
            Inst168 = CFrame.new(-2143.241943359375, 47.72198486328125, -10029.9951171875)
        elseif Value == 2100 or Value <= 2124 then
            String250 = "Peanut President"
            Number84 = 2
            String251 = "NutsIslandQuest"
            String252 = "Peanut President"
            Inst167 = CFrame.new(-2104.390869140599989, 38.104167938232003, -10194.21875, -0, -0, -1, -0, 1, -0, 1, -0, -0)
            Inst168 = CFrame.new(-1859.35400390625, 38.103168487548828, -10422.4296875)
        elseif Value == 2125 or Value <= 2149 then
            String250 = "Ice Cream Chef"
            Number84 = 1
            String251 = "IceCreamIslandQuest"
            String252 = "Ice Cream Chef"
            Inst167 = CFrame.new(-820.648254394529999, 65.819526672362997, -10965.795898438000222, -0, -0, -1, -0, 1, -0, 1, -0, -0)
            Inst168 = CFrame.new(-872.24658203125, 65.819572448730469, -10919.95703125)
        elseif Value == 2150 or Value <= 2199 then
            String250 = "Ice Cream Commander"
            Number84 = 2
            String251 = "IceCreamIslandQuest"
            String252 = "Ice Cream Commander"
            Inst167 = CFrame.new(-820.648254394529999, 65.819526672362997, -10965.795898438000222, -0, -0, -1, -0, 1, -0, 1, -0, -0)
            Inst168 = CFrame.new(-558.06103515625, 112.048957824707031, -11290.7744140625)
        elseif Value == 2200 or Value <= 2224 then
            String250 = "Cookie Crafter"
            Number84 = 1
            String251 = "CakeQuest1"
            String252 = "Cookie Crafter"
